500 1308
75.0 159.0 -4.0 156.0 3.0 -45.0 -21.0 128.0 53.0 -41.0 51.0 -5.0 -36.0 -27.0 -25.0 -40.0 -48.0 166.0 133.0 81.0 164.0 69.0 104.0 165.0 48.0 -45.0 -44.0 -44.0 37.0 -9.0 -8.0 75.0 -1.0 167.0 128.0 37.0 -30.0 2.0 -20.0 46.0 -39.0 44.0 89.0 -41.0 80.0 -44.0 -47.0 -2.0 -7.0 3.0 -25.0 9.0 -42.0 -19.0 80.0 -4.0 -8.0 -44.0 113.0 -49.0 -25.0 -48.0 55.0 -22.0 -30.0 -11.0 93.0 -10.0 -29.0 14.0 55.0 172.0 -40.0 9.0 89.0 82.0 131.0 -43.0 60.0 58.0 -25.0 -34.0 -29.0 96.0 -49.0 -34.0 -32.0 -29.0 -24.0 -19.0 84.0 49.0 -17.0 -25.0 -18.0 175.0 -11.0 24.0 -11.0 139.0 84.0 -40.0 32.0 -12.0 42.0 -4.0 -6.0 -45.0 -25.0 -20.0 -14.0 120.0 -34.0 -22.0 -23.0 123.0 11.0 137.0 -28.0 75.0 94.0 36.0 -43.0 134.0 128.0 35.0 7.0 -27.0 100.0 -15.0 -49.0 56.0 98.0 -1.0 50.0 -38.0 75.0 -28.0 60.0 59.0 -46.0 22.0 20.0 -10.0 38.0 115.0 -2.0 -12.0 2.0 -33.0 127.0 146.0 137.0 -14.0 118.0 18.0 55.0 92.0 -6.0 47.0 19.0 -33.0 60.0 -2.0 -20.0 36.0 129.0 38.0 -10.0 -41.0 107.0 0.0 93.0 130.0 -46.0 -19.0 -43.0 2.0 -35.0 18.0 -24.0 -25.0 17.0 116.0 -14.0 57.0 78.0 -46.0 -35.0 -25.0 1.0 4.0 -9.0 118.0 131.0 -42.0 -43.0 3.0 -7.0 -36.0 174.0 -39.0 -20.0 17.0 134.0 -4.0 -46.0 170.0 118.0 -35.0 36.0 -21.0 -1.0 174.0 -19.0 117.0 68.0 -22.0 69.0 -45.0 -17.0 78.0 64.0 25.0 50.0 57.0 -6.0 97.0 33.0 -16.0 121.0 -33.0 -38.0 -28.0 -19.0 71.0 -9.0 -2.0 146.0 -44.0 -8.0 123.0 -36.0 102.0 2.0 52.0 170.0 -48.0 -3.0 -7.0 51.0 43.0 165.0 144.0 91.0 158.0 79.0 106.0 171.0 120.0 164.0 86.0 -7.0 -13.0 19.0 138.0 -22.0 75.0 20.0 104.0 -27.0 133.0 82.0 -16.0 56.0 149.0 -30.0 89.0 -35.0 169.0 -34.0 84.0 94.0 -33.0 -44.0 -23.0 142.0 93.0 -17.0 -36.0 -6.0 -12.0 9.0 -42.0 66.0 -35.0 96.0 -29.0 -4.0 136.0 -16.0 98.0 -35.0 79.0 109.0 -41.0 -32.0 -33.0 46.0 60.0 151.0 -12.0 -19.0 -7.0 114.0 -15.0 -4.0 -30.0 -29.0 -18.0 -35.0 -14.0 -19.0 25.0 -6.0 131.0 -20.0 -12.0 132.0 152.0 44.0 -3.0 165.0 121.0 -22.0 49.0 9.0 -8.0 -8.0 -35.0 88.0 -46.0 81.0 117.0 -36.0 -46.0 -12.0 56.0 143.0 -22.0 -18.0 126.0 -3.0 39.0 127.0 -44.0 -46.0 144.0 -17.0 -38.0 30.0 107.0 -36.0 -44.0 140.0 83.0 164.0 124.0 49.0 -33.0 -25.0 105.0 87.0 86.0 27.0 9.0 -8.0 -6.0 91.0 55.0 84.0 160.0 61.0 -40.0 -35.0 -24.0 166.0 1.0 -7.0 3.0 -13.0 14.0 98.0 29.0 145.0 28.0 8.0 -18.0 -46.0 101.0 -30.0 -5.0 -35.0 111.0 4.0 -41.0 19.0 88.0 42.0 88.0 -32.0 128.0 96.0 26.0 137.0 25.0 0.0 -38.0 -30.0 74.0 -19.0 66.0 118.0 -30.0 -2.0 61.0 -28.0 139.0 124.0 -47.0 -31.0 135.0 22.0 -33.0 -43.0 -29.0 53.0 53.0 172.0 150.0 112.0 -11.0 19.0 -7.0 155.0 -5.0 -19.0 130.0 -9.0 -37.0 -14.0 162.0 -46.0 -26.0 58.0 26.0 106.0 174.0 -26.0 -23.0 -28.0 16.0 8.0 -1.0 -17.0 22.0 111.0 126.0 7.0 2.0 -43.0 116.0 8.0 -11.0 25.0 -18.0 -43.0 127.0 -46.0 75.0 39.0 64.0 8.0 88.0 121.0 -41.0 -44.0 2.0 -12.0 13.0 -40.0 -48.0 -2.0 1.0 122.0 111.0 159.0 -7.0 -44.0 -9.0 

0 92 14
0 147 32
0 75 43

1 227 45

2 159 16
2 215 48

3 346 6
3 259 46

4 405 46

5 187 45
5 456 28
5 340 11

6 169 41

7 431 30

8 186 32
8 219 28
8 56 16
8 476 12

9 446 13
9 403 10
9 92 16

10 156 48
10 353 31
10 152 47

11 485 2
11 41 40
11 481 32
11 195 15
11 149 7

12 89 3

13 212 5
13 441 19
13 41 42
13 195 18

14 199 31
14 382 16

15 146 7
15 271 18
15 210 28
15 409 7

16 240 42

17 458 33

18 191 15
18 392 41

19 438 12

20 419 8
20 44 44
20 334 14
20 447 18

21 337 20
21 108 21

22 124 13
22 61 35

23 50 37
23 325 26
23 317 30

24 195 1
24 472 6
24 45 14
24 49 4

25 418 29
25 35 7
25 26 27

26 225 17
26 483 3
26 5 25
26 466 3

27 269 19
27 424 29

28 116 3

29 40 32
29 202 32

30 31 10
30 63 46
30 247 34
30 402 15

31 18 43
31 361 3

32 264 39
32 402 33
32 429 19

33 484 1

34 473 3
34 378 24
34 375 32
34 476 12
34 265 36

35 275 26
35 129 36
35 372 45

36 447 48
36 436 40
36 114 30
36 340 19

37 232 30
37 277 30
37 266 23
37 333 3
37 402 47

38 127 10
38 348 22
38 161 30

39 247 3
39 363 29
39 326 41

40 204 134
40 473 22

41 12 23

42 79 44
42 449 35
42 47 9

43 289 5
43 69 43

44 366 23

45 235 35
45 480 34

46 126 3
46 298 18
46 474 45

47 483 28
47 366 20
47 461 7
47 473 31

48 390 2
48 159 7
48 404 39

49 375 2
49 99 6

50 105 2
50 102 45

51 10 43
51 225 27
51 496 32
51 330 30

52 429 42
52 262 21
52 107 6

53 83 9
53 6 1

54 99 14
54 403 4
54 412 47

55 8 42
55 44 32
55 340 28

56 80 1
56 400 49
56 112 26
56 7 27

57 96 7
57 288 27

58 76 6
58 158 36

59 2 4
59 110 32
59 226 40

60 413 27
60 242 47
60 353 4
60 188 12

61 474 13
61 493 12
61 362 39

62 174 1
62 158 15
62 265 6

63 29 21

64 81 38
64 249 42
64 123 42
64 204 38
64 361 107
64 409 5
64 337 44
64 222 16

65 424 26
65 90 33
65 422 9
65 188 46

66 267 12
66 320 19

67 482 33
67 153 37
67 98 46

68 274 35
68 72 8
68 255 27
68 87 18

69 253 13
69 338 45

70 408 42
70 143 38

71 57 49

72 499 42
72 89 41
72 18 17

73 349 16

74 498 9
74 73 31

75 317 1

76 53 26
76 44 40

77 145 26
77 235 30
77 396 9
77 435 40
77 311 22

78 341 26
78 48 7
78 206 29
78 282 18

79 381 22
79 42 23
79 494 46

80 242 6
80 442 23

81 37 16
81 207 19

82 347 22
82 453 46

83 32 34
83 327 10
83 54 33

84 177 16
84 72 24
84 299 19

85 271 37

86 290 27
86 322 3
86 398 16
86 465 45
86 73 3
86 201 41

87 1 2
87 460 36
87 219 19

88 175 19

89 486 13
89 149 8

90 299 24
90 305 16
90 186 47
90 469 14
90 288 28
90 182 39
90 349 1

91 350 23
91 87 43

92 487 45
92 419 36
92 385 22

93 73 9
93 374 33
93 336 49

94 155 5
94 296 15
94 96 49

95 133 23
95 33 7
95 199 7
95 145 10

96 348 26
96 471 6
96 42 42
96 417 30
96 431 11

97 74 48
97 48 6

98 333 29
98 397 46

99 115 43
99 50 19

100 469 11
100 242 41

101 455 18
101 311 13

102 365 36
102 388 39

103 205 26
103 386 14
103 374 22

104 309 3
104 182 48
104 375 24

105 21 28
105 463 41

106 442 28
106 102 44
106 11 49
106 423 11
106 157 46

107 135 2
107 175 3
107 475 44
107 109 23

108 245 15
108 407 17

109 393 35

110 248 16
110 433 47
110 489 16

111 466 18
111 94 7

112 444 19
112 200 44
112 389 14

113 158 1
113 158 26
113 116 38
113 131 15

114 58 47
114 378 10
114 366 42
114 263 7
114 143 46
114 319 19

115 213 34

116 411 22
116 281 18
116 3 26

117 399 39
117 188 32
117 319 37

118 42 30
118 474 8
118 116 14

119 260 5
119 24 40

120 231 23
120 330 17
120 341 22

121 454 33
121 307 35
121 306 23

122 363 7
122 187 39

123 410 22

124 294 40
124 437 1
124 144 45

125 479 6
125 21 18
125 459 3

126 286 12
126 402 12
126 104 40

127 131 21

128 480 10
128 126 8
128 97 18

129 5 46
129 173 35

130 75 29
130 122 32

131 78 19

132 409 5
132 51 8

133 270 49
133 380 9
133 41 40
133 130 11
133 266 15

134 478 33
134 139 23
134 72 44
134 252 9

135 378 33

136 69 39
136 169 14
136 433 2

137 16 16
137 255 21
137 428 29
137 105 39
137 407 44

138 217 43
138 11 2

139 278 2
139 472 4

140 310 29
140 4 7
140 78 12
140 310 29
140 179 23
140 332 1

141 39 8
141 230 44
141 87 47
141 447 17
141 498 23

142 68 7

143 298 3
143 162 41

144 165 30
144 408 1
144 31 42

145 257 33
145 357 15

146 329 16
146 70 39

147 434 49
147 138 40

148 228 38
148 335 10

149 351 8
149 82 13
149 315 49

150 114 2
150 121 25

151 226 44

152 263 19
152 157 48
152 482 18

153 23 16
153 25 9

154 150 41
154 37 11
154 39 8
154 494 8
154 271 49

155 161 47
155 364 45
155 334 42
155 443 44
155 264 40

156 17 13
156 471 48
156 321 25

157 56 45
157 237 43

158 49 35
158 254 14
158 460 18

159 449 32
159 171 20
159 51 15
159 491 5

160 243 40
160 366 31
160 232 2

161 113 42
161 402 36
161 232 22
161 396 3

162 230 43
162 230 31
162 296 45
162 2 19
162 110 28
162 271 17

163 490 40
163 5 26
163 357 19

164 61 23
164 479 15
164 99 44
164 442 39
164 52 25

165 82 47
165 217 26
165 353 31

166 388 31
166 263 43

167 153 44
167 305 13
167 498 27

168 246 1
168 108 43

169 121 41

170 308 31

171 214 34
171 180 30

172 313 16
172 481 1

173 117 33
173 426 30
173 497 26
173 347 41
173 73 16

174 152 15
174 355 25
174 171 23
174 226 14

175 22 33
175 49 27

176 100 34

177 46 34
177 200 19

178 322 33
178 132 33
178 55 23

179 168 18
179 6 30

180 207 25
180 355 37
180 240 21
180 431 5

181 11 20

182 335 2
182 436 22

183 276 44

184 496 45

185 26 42
185 246 22

186 252 23

187 281 42
187 200 21

188 193 35

189 340 13
189 418 11
189 375 17

190 436 13
190 349 23

191 128 14
191 123 3

192 345 21
192 246 30
192 376 22

193 85 20

194 41 12

195 401 31
195 356 29

196 189 45
196 217 29
196 444 11

197 437 23
197 4 11
197 375 17
197 308 28
197 313 25
197 370 15
197 194 4
197 317 49

198 433 23
198 304 43
198 119 1
198 5 6

199 416 46

200 398 13
200 78 41
200 352 41

201 63 42

202 383 47

203 197 49
203 41 35

204 395 2
204 397 45

205 45 38
205 461 20
205 380 10

206 151 31

207 397 23
207 126 40
207 190 32

208 354 19
208 154 31
208 55 15

209 380 21
209 287 39
209 193 25
209 167 44

210 481 17
210 81 47
210 268 45

211 265 47
211 223 12
211 14 26

212 160 10
212 265 28

213 0 16

214 27 47
214 297 42
214 60 1

215 125 24
215 19 27
215 187 25

216 305 37
216 309 33
216 369 23

217 332 13
217 185 45
217 462 8
217 358 28
217 356 25

218 425 10
218 18 21

219 407 1
219 151 14
219 136 30

220 420 47
220 49 5
220 133 35

221 461 27
221 349 1
221 385 20

222 198 39
222 291 21

223 296 48

224 440 39

225 371 10
225 393 37
225 203 18

226 51 19

227 111 37
227 238 26
227 0 11

228 14 17
228 300 46
228 115 37

229 164 20
229 171 42
229 317 32
229 302 29
229 5 42

230 293 30
230 477 19
230 327 32

231 130 27
231 217 23
231 38 38

232 47 16
232 284 8
232 125 5

233 318 14
233 155 18

234 435 42
234 358 17

235 367 38
235 275 26

236 460 1
236 413 31

237 292 15
237 483 42
237 402 48
237 1 30

238 138 47
238 193 45

239 221 26
239 394 37
239 308 12

240 88 22
240 326 39
240 187 18

241 72 40
241 252 4

242 282 34
242 294 13
242 290 25
242 192 44

243 472 39
243 70 39
243 239 11

244 297 13
244 171 25
244 317 10
244 475 4

245 427 26
245 374 49
245 69 25

246 334 43
246 112 37

247 7 30

248 336 17
248 252 3

249 4 18
249 320 30
249 3 29

250 471 3
250 219 36
250 342 6
250 30 41

251 210 17
251 311 17

252 456 13
252 283 33
252 201 4

253 404 38

254 64 34
254 229 4
254 454 44
254 235 29
254 321 26

255 140 10

256 428 30
256 476 29
256 67 25
256 152 49

257 203 43

258 467 36
258 467 1
258 170 43
258 46 1

259 219 48
259 163 44

260 3 47
260 25 41
260 35 37
260 434 9

261 452 38
261 426 9
261 39 16
261 469 47

262 441 22
262 117 137
262 58 1

263 224 30
263 429 49
263 139 16

264 304 13

265 94 1
265 268 16
265 414 11

266 494 8

267 470 4
267 326 33
267 17 13

268 316 10
268 114 24

269 48 34
269 39 37

270 464 20
270 289 2
270 320 22

271 326 4

272 277 8
272 130 48
272 384 45
272 492 27
272 473 13

273 379 45
273 339 15
273 386 14

274 90 6
274 16 10
274 354 7

275 190 2

276 321 21
276 349 37
276 464 2

277 166 49
277 102 22
277 120 19

278 287 9

279 369 33
279 253 15
279 400 30

280 272 10
280 402 44
280 381 28

281 95 37
281 473 33
281 38 6

282 35 6
282 205 44

283 295 13

284 443 10
284 457 18
284 171 9

285 459 1
285 276 10
285 88 40

286 149 14
286 460 28
286 405 41
286 98 21

287 312 48
287 55 29
287 316 29

288 123 18
288 358 27

289 220 29
289 205 22
289 388 47

290 477 32
290 157 32
290 202 21

291 453 39
291 357 6

292 368 5
292 181 20

293 234 24
293 403 21
293 452 42

294 200 33
294 407 28

295 112 27
295 264 4
295 488 44
295 21 35

296 492 1
296 60 34
296 142 16
296 439 39

297 119 4
297 125 35
297 23 1

298 34 12
298 466 3
298 224 28

299 238 13
299 256 31
299 404 2

300 301 98
300 93 20
300 87 17

301 171 30
301 299 34

302 373 27
302 374 16
302 408 16
302 80 21

303 451 46
303 375 49
303 57 32
303 170 34

304 307 29

305 70 55
305 218 43

306 118 1
306 352 48

307 167 25
307 442 42
307 139 15

308 86 9
308 356 38

309 192 9
309 282 43
309 130 20

310 139 18
310 236 34
310 392 20

311 352 20

312 364 19
312 319 42

313 376 37
313 115 123

314 77 18
314 312 4

315 179 11
315 54 1
315 27 42

316 358 27
316 288 29
316 259 33
316 170 22

317 218 29

318 182 2
318 199 37
318 204 49
318 12 8

319 362 3

320 71 15
320 412 14

321 98 46
321 488 12

322 445 37
322 488 44
322 76 18

323 450 14
323 350 39

324 13 42
324 97 41

325 44 28
325 77 44
325 132 27

326 137 41

327 209 48
327 280 34
327 39 33

328 154 20
328 409 25

329 325 40
329 187 10
329 0 45

330 173 9

331 417 29
331 143 10
331 399 8

332 15 34
332 416 37
332 380 23

333 24 9

334 162 48
334 48 33

335 36 25
335 301 12

336 188 45
336 312 21
336 41 39

337 324 4

338 5 4
338 264 49

339 303 7

340 143 10
340 15 40

341 144 4

342 183 13

343 311 17

344 103 14
344 472 30
344 142 16

345 201 37
345 434 30
345 272 47

346 279 33
346 169 48
346 125 15

347 488 26
347 243 23
347 161 36

348 67 23
348 273 46
348 154 23

349 184 35

350 54 18
350 264 17
350 142 28

351 463 27
351 499 36

352 320 8

353 256 20
353 373 20

354 338 2
354 271 36
354 315 6

355 223 25
355 316 31
355 78 30

356 361 21
356 260 41
356 361 4

357 475 14
357 484 17

358 6 48

359 266 4
359 313 43
359 109 14
359 187 43
359 23 32

360 120 23
360 18 133
360 223 41

361 25 41
361 153 11
361 253 1

362 422 31
362 140 48
362 336 35
362 284 37
362 158 18
362 417 10

363 323 24
363 440 33

364 237 11
364 77 47
364 443 49

365 327 40

366 400 13
366 57 21
366 301 8
366 22 30

367 403 38
367 169 10
367 388 27

368 261 86
368 178 18

369 356 22
369 498 45

370 415 17
370 141 22
370 47 39

371 385 33
371 286 27

372 93 47
372 131 44
372 80 14

373 170 18
373 81 29

374 468 36
374 269 33
374 239 28
374 259 19
374 448 48

375 91 49
375 294 25
375 461 15
375 349 18
375 455 40
375 333 39

376 342 34
376 495 11

377 202 31
377 442 16
377 469 9

378 402 12
378 66 49

379 291 5
379 476 32

380 208 10
380 438 49

381 38 2
381 449 18
381 67 34
381 2 43

382 374 27
382 29 35

383 84 31
383 309 8
383 105 20
383 473 33

384 194 48
384 51 22
384 68 49
384 27 42

385 185 22
385 219 31
385 460 3

386 43 24
386 75 48
386 314 36

387 300 8
387 388 25

388 106 37
388 162 3
388 303 37

389 9 29
389 275 19
389 166 44

390 110 35
390 279 47
390 144 10

391 136 15
391 294 24

392 148 15
392 85 42

393 30 30
393 482 32
393 310 8
393 70 12

394 495 47

395 33 167
395 120 20
395 413 25
395 129 15
395 61 43
395 333 34

396 163 36

397 355 1
397 468 15
397 492 29

398 370 44
398 301 25
398 14 8
398 317 7

399 28 40
399 452 35
399 16 15
399 487 4

400 280 17
400 238 2
400 351 32

401 406 5
401 64 31
401 128 7
401 403 10
401 70 35

402 359 1
402 272 21

403 211 8
403 178 30

404 141 7
404 222 2
404 62 6

405 62 32
405 437 35
405 386 5

406 328 29

407 268 42
407 330 43

408 423 13
408 54 44

409 196 10
409 11 4

410 319 25
410 447 12

411 389 23
411 15 43
411 12 38

412 493 33
412 479 13

413 65 23

414 357 37
414 81 34
414 56 25

415 255 1
415 339 27

416 107 47

417 288 2
417 271 12
417 376 2

418 414 2
418 118 14
418 464 5

419 360 47

420 497 46
420 424 3

421 157 19
421 310 16
421 433 34

422 387 33
422 427 38

423 284 3

424 489 42

425 52 9
425 110 40
425 435 14

426 142 23
426 496 14
426 137 25
426 485 26

427 384 26
427 426 47

428 430 24
428 67 44
428 37 17
428 276 22

429 386 45
429 98 7
429 268 37

430 129 5
430 109 12
430 459 19

431 254 33
431 303 23

432 302 10
432 401 33
432 159 12

433 134 5
433 436 29

434 339 28
434 0 12
434 460 38
434 206 9

435 122 27
435 3 18
435 257 12
435 119 11

436 60 39

437 181 41
437 272 33

438 343 27
438 151 21

439 285 41
439 251 39
439 137 37
439 3 156

440 239 9
440 266 2
440 472 42

441 344 31
441 381 34
441 378 32

442 462 20

443 19 19
443 149 5

444 396 1
444 247 37

445 457 47
445 468 8
445 476 3

446 382 13
446 451 1
446 284 45
446 301 41
446 323 4

447 448 21
447 366 47
447 341 22

448 215 23
448 200 6
448 91 3
448 335 42

449 55 8
449 128 39
449 30 15
449 165 28

450 102 17
450 387 14

451 315 30
451 410 13
451 230 2

452 491 39
452 417 8

453 426 29
453 17 11
453 265 37
453 19 27

454 97 9
454 143 3

455 251 29
455 282 94

456 391 32
456 493 15
456 307 22

457 476 43

458 108 26
458 270 4
458 109 15

459 249 19
459 15 12
459 90 25
459 363 38

460 20 15
460 61 46

461 372 47
461 142 13
461 341 28

462 236 41
462 51 29

463 250 10
463 185 30

464 377 29
464 117 26

465 216 11
465 457 3

466 412 96
466 222 3

467 306 32
467 292 39

468 132 98
468 350 46
468 410 26
468 486 6

469 432 41
469 474 25

470 206 5
470 427 29
470 458 27
470 444 7

471 176 8
471 425 9

472 109 24
472 367 2
472 482 46

473 283 16
473 498 37

474 241 47
474 343 6

475 233 36
475 390 32
475 406 11
475 340 31

476 244 8
476 176 18
476 120 43

477 180 12
477 42 15
477 63 35

478 262 39
478 95 35
478 290 35

479 273 1
479 52 21
479 472 28

480 421 36
480 312 41
480 172 26

481 392 18
481 142 29
481 454 47

482 59 2
482 74 35
482 123 10
482 337 14

483 178 26

484 172 40
484 186 15
484 281 1

485 258 45

486 222 47
486 391 22

487 104 37

488 330 16
488 91 24

489 331 47
489 122 3
489 149 45

490 353 14
490 53 49

491 259 46
491 108 45

492 101 18
492 134 24

493 229 35

494 465 22
494 70 22
494 333 16

495 314 31
495 425 43

496 87 12

497 66 9
497 304 46
497 392 42

498 394 33
498 407 40

499 439 9
499 103 6
499 37 22

