50
25.0 -2.0 47.0 32.0 2.0 46.0 -7.0 -3.0 -15.0 36.0 25.0 -17.0 0.0 -17.0 -3.0 -17.0 -1.0 28.0 40.0 32.0 -1.0 48.0 28.0 28.0 24.0 32.0 -10.0 44.0 -15.0 47.0 -13.0 15.0 -4.0 36.0 46.0 -3.0 18.0 12.0 -6.0 2.0 28.0 22.0 39.0 28.0 0.0 15.0 -17.0 47.0 -12.0 10.0 

0 42 8
0 1 8
0 40 17
0 42 6

1 38 8

2 22 13

3 6 7
3 32 20

4 10 12
4 34 17

5 40 9
5 49 21
5 6 20

6 8 13

7 5 13
7 34 20

8 44 7

9 18 9

10 48 10
10 37 17
10 46 4

11 26 11

12 43 14

13 28 9

14 41 9

15 19 10

16 47 13

17 32 12
17 11 16

18 45 7

19 0 7

20 3 9

21 15 14
21 7 5

22 46 9
22 26 7

23 48 17
23 25 11

24 7 12
24 43 8

25 29 9

26 49 9
26 19 12

27 23 9
27 41 2

28 12 10
28 43 11
28 46 16

29 24 11
29 1 12

30 39 11
30 48 9
30 12 18

31 9 14

32 21 13

33 27 12

34 36 7
34 1 1

35 20 12
35 29 4
35 15 8

36 33 9

37 17 11

38 34 12

39 25 7
39 10 6
39 47 11

40 2 13

41 30 13
41 34 14

42 35 11

43 37 8
43 23 8
43 11 15

44 4 12
44 42 13

45 14 12

46 13 8

47 31 14

48 16 10
48 1 2

49 11 12
49 33 13

